{
 "cells": [
  {
   "cell_type": "code",
   "execution_count": 1,
   "metadata": {},
   "outputs": [],
   "source": [
    "import numpy as np \n",
    "import pandas as pd \n",
    "import matplotlib.pyplot as plt\n",
    "import glob\n",
    "import cv2\n",
    "import pickle\n",
    "from keras.models import Model\n",
    "import os\n",
    "from keras.applications.vgg16 import VGG16\n",
    "import matplotlib.pyplot as plt\n",
    "from PIL import Image\n",
    "import numpy as np\n",
    "from sklearn.model_selection import train_test_split\n",
    "from IPython.display import clear_output\n",
    "import xgboost as xgb\n",
    "import h5py"
   ]
  },
  {
   "cell_type": "code",
   "execution_count": 2,
   "metadata": {},
   "outputs": [
    {
     "name": "stdout",
     "output_type": "stream",
     "text": [
      "Model: \"vgg16\"\n",
      "_________________________________________________________________\n",
      " Layer (type)                Output Shape              Param #   \n",
      "=================================================================\n",
      " input_1 (InputLayer)        [(None, 501, 501, 3)]     0         \n",
      "                                                                 \n",
      " block1_conv1 (Conv2D)       (None, 501, 501, 64)      1792      \n",
      "                                                                 \n",
      " block1_conv2 (Conv2D)       (None, 501, 501, 64)      36928     \n",
      "                                                                 \n",
      " block1_pool (MaxPooling2D)  (None, 250, 250, 64)      0         \n",
      "                                                                 \n",
      " block2_conv1 (Conv2D)       (None, 250, 250, 128)     73856     \n",
      "                                                                 \n",
      " block2_conv2 (Conv2D)       (None, 250, 250, 128)     147584    \n",
      "                                                                 \n",
      " block2_pool (MaxPooling2D)  (None, 125, 125, 128)     0         \n",
      "                                                                 \n",
      " block3_conv1 (Conv2D)       (None, 125, 125, 256)     295168    \n",
      "                                                                 \n",
      " block3_conv2 (Conv2D)       (None, 125, 125, 256)     590080    \n",
      "                                                                 \n",
      " block3_conv3 (Conv2D)       (None, 125, 125, 256)     590080    \n",
      "                                                                 \n",
      " block3_pool (MaxPooling2D)  (None, 62, 62, 256)       0         \n",
      "                                                                 \n",
      " block4_conv1 (Conv2D)       (None, 62, 62, 512)       1180160   \n",
      "                                                                 \n",
      " block4_conv2 (Conv2D)       (None, 62, 62, 512)       2359808   \n",
      "                                                                 \n",
      " block4_conv3 (Conv2D)       (None, 62, 62, 512)       2359808   \n",
      "                                                                 \n",
      " block4_pool (MaxPooling2D)  (None, 31, 31, 512)       0         \n",
      "                                                                 \n",
      " block5_conv1 (Conv2D)       (None, 31, 31, 512)       2359808   \n",
      "                                                                 \n",
      " block5_conv2 (Conv2D)       (None, 31, 31, 512)       2359808   \n",
      "                                                                 \n",
      " block5_conv3 (Conv2D)       (None, 31, 31, 512)       2359808   \n",
      "                                                                 \n",
      " block5_pool (MaxPooling2D)  (None, 15, 15, 512)       0         \n",
      "                                                                 \n",
      "=================================================================\n",
      "Total params: 14,714,688\n",
      "Trainable params: 0\n",
      "Non-trainable params: 14,714,688\n",
      "_________________________________________________________________\n",
      "Model: \"model\"\n",
      "_________________________________________________________________\n",
      " Layer (type)                Output Shape              Param #   \n",
      "=================================================================\n",
      " input_1 (InputLayer)        [(None, 501, 501, 3)]     0         \n",
      "                                                                 \n",
      " block1_conv1 (Conv2D)       (None, 501, 501, 64)      1792      \n",
      "                                                                 \n",
      " block1_conv2 (Conv2D)       (None, 501, 501, 64)      36928     \n",
      "                                                                 \n",
      "=================================================================\n",
      "Total params: 38,720\n",
      "Trainable params: 0\n",
      "Non-trainable params: 38,720\n",
      "_________________________________________________________________\n"
     ]
    }
   ],
   "source": [
    "#Resizing images is optional, CNNs are ok with large images\n",
    "SIZE_X = 501 #Resize images (height  = X, width = Y)\n",
    "SIZE_Y = 501\n",
    "\n",
    "\n",
    "#Capture training image info as a list\n",
    "train_images = []\n",
    "\n",
    "dirname = './dataset/data'  \n",
    "for fname in os.listdir(dirname):\n",
    "    img = cv2.imread(os.path.join(dirname, fname), cv2.IMREAD_GRAYSCALE)   \n",
    " \n",
    "    img = cv2.resize(img, (SIZE_Y, SIZE_X))\n",
    "    train_stack = np.stack((img,)*3, axis=-1)\n",
    "    train_images.append(train_stack)\n",
    "    #train_labels.append(label)\n",
    "#Convert list to array for machine learning processing        \n",
    "dataimages = np.array(train_images)\n",
    "\n",
    "\n",
    "#Capture mask/label info as a list\n",
    "train_masks = [] \n",
    "dirname = './dataset/labels'\n",
    "for fname in os.listdir(dirname):\n",
    "    img = cv2.imread(os.path.join(dirname, fname), cv2.IMREAD_GRAYSCALE)       \n",
    "    img = cv2.resize(img, (SIZE_Y, SIZE_X))\n",
    "    #mask_stack = np.stack((img,)*3, axis=-1)\n",
    "    train_masks.append(img)\n",
    "    #print(f\"Unique vlaues in labels image {np.unique(img)}\")\n",
    "        #train_labels.append(label)\n",
    "#Convert list to array for machine learning processing          \n",
    "labelimages = np.array(train_masks)\n",
    "X_train, X_test, y_train, y_test = train_test_split(dataimages, labelimages, test_size=0.95, random_state=42)\n",
    "\n",
    "\n",
    "#Use customary x_train and y_train variables\n",
    "\n",
    "y_train = np.expand_dims(y_train, axis=3) #May not be necessary.. leftover from previous code \n",
    "y_test = np.expand_dims(y_test, axis=3)\n",
    "\n",
    "#Load VGG16 model wothout classifier/fully connected layers\n",
    "#Load imagenet weights that we are going to use as feature generators\n",
    "#Talked to the professor and as it seems the input shape makes sure that we can actually run pooling and kernal operations\n",
    "VGG_model = VGG16(weights='imagenet', include_top=False, input_shape=(SIZE_X, SIZE_Y, 3))\n",
    "\n",
    "#Make loaded layers as non-trainable. This is important as we want to work with pre-trained weights\n",
    "for layer in VGG_model.layers:\n",
    "\tlayer.trainable = False\n",
    "    \n",
    "VGG_model.summary()  #Trainable parameters will be 0\n",
    "\n",
    "#After the first 2 convolutional layers the image dimension changes. \n",
    "#So for easy comparison to Y (labels) let us only take first 2 conv layers\n",
    "#and create a new model to extract features\n",
    "#New model with only first 2 conv layers\n",
    "new_model = Model(inputs=VGG_model.input, outputs=VGG_model.get_layer('block1_conv2').output)\n",
    "new_model.summary()\n",
    "\n"
   ]
  },
  {
   "cell_type": "code",
   "execution_count": null,
   "metadata": {},
   "outputs": [],
   "source": [
    "#Now, let us apply feature extractor to our training data\n",
    "features=new_model.predict(X_train)\n",
    "\n",
    "#Plot features to view them\n",
    "square = 8\n",
    "ix=1\n",
    "for _ in range(square):\n",
    "    for _ in range(square):\n",
    "        ax = plt.subplot(square, square, ix)\n",
    "        ax.set_xticks([])\n",
    "        ax.set_yticks([])\n",
    "        plt.imshow(features[0,:,:,ix-1], cmap='gray')\n",
    "        ix +=1\n",
    "plt.show()"
   ]
  },
  {
   "cell_type": "code",
   "execution_count": null,
   "metadata": {},
   "outputs": [
    {
     "name": "stderr",
     "output_type": "stream",
     "text": [
      "c:\\Users\\JohannHaack\\source\\xray-segmentation\\env\\lib\\site-packages\\pyarrow\\pandas_compat.py:373: FutureWarning: is_sparse is deprecated and will be removed in a future version. Check `isinstance(dtype, pd.SparseDtype)` instead.\n",
      "  if _pandas_api.is_sparse(col):\n",
      "c:\\Users\\JohannHaack\\source\\xray-segmentation\\env\\lib\\site-packages\\pyarrow\\feather.py:156: UserWarning: The DataFrame has column names of mixed type. They will be converted to strings and not roundtrip correctly.\n",
      "  table = Table.from_pandas(df, preserve_index=preserve_index)\n"
     ]
    },
    {
     "name": "stdout",
     "output_type": "stream",
     "text": [
      "[  0 128 255]\n",
      "Label\n",
      "128    2767729\n",
      "0      1895581\n",
      "255    1611715\n",
      "Name: count, dtype: int64\n"
     ]
    }
   ],
   "source": [
    "#Test for dimensions\n",
    "\n",
    "#Reassign 'features' as X to make it easy to follow\n",
    "X=features\n",
    "X = X.reshape(-1, X.shape[3])  #Make it compatible for Random Forest and match Y labels\n",
    "\n",
    "#Reshape Y to match X\n",
    "Y = y_train.reshape(-1)\n",
    "\n",
    "#Combine X and Y into a dataframe to make it easy to drop all rows with Y values 0\n",
    "#In our labels Y values 0 = unlabeled pixels. \n",
    "dataset = pd.DataFrame(X)\n",
    "dataset['Label'] = Y\n",
    "dataset.to_feather('FeatureData.feather')\n",
    "\n",
    "print(dataset['Label'].unique())\n",
    "print(dataset['Label'].value_counts())"
   ]
  },
  {
   "cell_type": "code",
   "execution_count": null,
   "metadata": {},
   "outputs": [],
   "source": [
    "# This is so that we dont overwork our Ram\n",
    "dataset = dataset.sample(frac=0.005, random_state=1)\n",
    "\n",
    "\n",
    "#Redefine X and Y for Random Forest\n",
    "X_for_training = dataset.drop(labels = ['Label'], axis=1)\n",
    "X_for_training = X_for_training.values  #Convert to array\n",
    "Y_for_training = dataset['Label']\n",
    "Y_for_training = Y_for_training.values  #Convert to array\n",
    "mapping = {0: 0, 128: 1, 255: 2}\n",
    "\n",
    "# Vectorized mapping\n",
    "Y_for_training = np.vectorize(mapping.get)(Y_for_training)\n",
    "\n",
    "# Function to prompt for user decision\n",
    "model = xgb.XGBClassifier()\n",
    "# Train the model on training data\n",
    "model.fit(X_for_training, Y_for_training) \n",
    "#Save model for future use\n",
    "filename = 'model_XG.sav'\n",
    "pickle.dump(model, open(filename, 'wb'))\n",
    "print(\"Model training complete and saved.\")\n"
   ]
  },
  {
   "cell_type": "code",
   "execution_count": 9,
   "metadata": {},
   "outputs": [
    {
     "name": "stdout",
     "output_type": "stream",
     "text": [
      "(475, 501, 501, 3)\n"
     ]
    }
   ],
   "source": [
    "#This is to print a picture using the models we have\n",
    "filename = 'model_XG.sav'\n",
    "loaded_model = pickle.load(open(filename, 'rb'))\n",
    "print(X_test.shape)"
   ]
  },
  {
   "cell_type": "code",
   "execution_count": 9,
   "metadata": {},
   "outputs": [
    {
     "name": "stdout",
     "output_type": "stream",
     "text": [
      "1/1 [==============================] - 0s 44ms/step\n",
      " Class_1_Prob  Class_2_Prob  Class_3_Prob\n",
      "     0.002303      0.464127      0.533570\n",
      "     0.594321      0.404131      0.001548\n",
      "     0.522409      0.474479      0.003112\n",
      "     0.000039      0.447242      0.552719\n",
      "     0.371341      0.302884      0.325775\n",
      "     0.285541      0.193305      0.521155\n",
      "     0.002036      0.437626      0.560338\n",
      "     0.000561      0.530762      0.468678\n",
      "     0.566549      0.432917      0.000534\n",
      "     0.580492      0.419207      0.000302\n",
      "     0.007621      0.442177      0.550202\n",
      "     0.135667      0.368481      0.495852\n",
      "     0.003353      0.595187      0.401460\n",
      "     0.000032      0.519988      0.479979\n",
      "     0.508542      0.488253      0.003205\n",
      "     0.000088      0.458489      0.541423\n",
      "     0.561179      0.436526      0.002295\n",
      "     0.017648      0.572341      0.410011\n",
      "     0.000033      0.501278      0.498688\n",
      "     0.000040      0.410789      0.589172\n",
      "     0.000072      0.581093      0.418835\n",
      "     0.560825      0.436451      0.002725\n",
      "     0.000038      0.447793      0.552169\n",
      "     0.454995      0.540372      0.004633\n",
      "     0.000075      0.433185      0.566740\n",
      "     0.519527      0.467700      0.012773\n",
      "     0.503597      0.495287      0.001116\n",
      "     0.501104      0.252308      0.246588\n",
      "     0.518680      0.479347      0.001973\n",
      "     0.515219      0.483986      0.000796\n",
      "     0.429426      0.000926      0.569648\n",
      "     0.084453      0.402743      0.512804\n",
      "     0.000155      0.573918      0.425927\n",
      "     0.002139      0.534000      0.463861\n",
      "     0.001934      0.465627      0.532439\n",
      "     0.418474      0.579205      0.002321\n",
      "     0.565636      0.433009      0.001355\n",
      "     0.001296      0.518156      0.480548\n",
      "     0.221421      0.484815      0.293764\n",
      "     0.000134      0.591235      0.408630\n",
      "     0.584830      0.414755      0.000415\n",
      "     0.351727      0.403593      0.244680\n",
      "     0.390578      0.020120      0.589302\n",
      "     0.404279      0.590931      0.004790\n",
      "     0.385748      0.511482      0.102771\n",
      "     0.440942      0.557704      0.001354\n",
      "     0.597410      0.318918      0.083673\n",
      "     0.000151      0.422059      0.577790\n",
      "     0.000058      0.441858      0.558084\n",
      "     0.531417      0.466035      0.002548\n",
      "     0.000055      0.476403      0.523542\n",
      "     0.015686      0.556662      0.427652\n",
      "     0.591717      0.250350      0.157932\n",
      "     0.000194      0.407323      0.592482\n",
      "     0.000298      0.557225      0.442477\n",
      "     0.207719      0.474365      0.317916\n",
      "     0.001506      0.538891      0.459603\n",
      "     0.002704      0.541243      0.456053\n",
      "     0.480950      0.202754      0.316296\n",
      "     0.006718      0.513750      0.479532\n",
      "     0.001653      0.564432      0.433916\n",
      "     0.000098      0.583345      0.416557\n",
      "     0.000078      0.469592      0.530330\n",
      "     0.565977      0.422425      0.011598\n",
      "     0.079103      0.440391      0.480506\n",
      "     0.000141      0.445277      0.554582\n",
      "     0.000148      0.555739      0.444112\n",
      "     0.424622      0.557876      0.017502\n",
      "     0.027174      0.546635      0.426190\n",
      "     0.571521      0.427167      0.001312\n",
      "     0.000047      0.551220      0.448733\n",
      "     0.508474      0.344350      0.147176\n",
      "     0.000154      0.402247      0.597599\n",
      "     0.000112      0.461156      0.538732\n",
      "     0.342367      0.380383      0.277250\n",
      "     0.000811      0.492658      0.506531\n",
      "     0.552304      0.444325      0.003372\n",
      "     0.538541      0.028178      0.433281\n",
      "     0.434254      0.082473      0.483273\n",
      "     0.000974      0.410537      0.588489\n",
      "     0.000031      0.519847      0.480121\n",
      "     0.000026      0.479109      0.520866\n",
      "     0.465226      0.025737      0.509037\n",
      "     0.077205      0.591700      0.331095\n",
      "     0.563734      0.004191      0.432075\n",
      "     0.000080      0.432097      0.567823\n",
      "     0.408675      0.589815      0.001511\n",
      "     0.000156      0.578647      0.421198\n",
      "     0.000088      0.538535      0.461377\n",
      "     0.584863      0.412876      0.002261\n",
      "     0.007204      0.519428      0.473368\n",
      "     0.567053      0.002874      0.430073\n",
      "     0.000101      0.445511      0.554388\n",
      "     0.000046      0.588231      0.411723\n",
      "     0.000078      0.400836      0.599086\n",
      "     0.571098      0.409056      0.019846\n",
      "     0.299081      0.553730      0.147189\n",
      "     0.583853      0.375210      0.040937\n",
      "     0.501363      0.475143      0.023495\n",
      "     0.543550      0.429240      0.027210\n",
      "     0.540977      0.450096      0.008926\n",
      "     0.402988      0.579774      0.017238\n",
      "     0.441895      0.548430      0.009674\n",
      "     0.460961      0.000895      0.538144\n",
      "     0.010754      0.497085      0.492161\n",
      "     0.000034      0.427139      0.572826\n",
      "     0.000054      0.465250      0.534696\n",
      "     0.008155      0.424553      0.567292\n",
      "     0.450261      0.004614      0.545125\n",
      "     0.467895      0.058668      0.473436\n",
      "     0.482682      0.516808      0.000510\n",
      "     0.000050      0.455885      0.544065\n",
      "     0.000134      0.569147      0.430719\n",
      "     0.000100      0.587342      0.412558\n",
      "     0.544098      0.001746      0.454156\n",
      "     0.548065      0.451281      0.000654\n",
      "     0.549317      0.001325      0.449358\n",
      "     0.576517      0.423011      0.000472\n",
      "     0.592410      0.406341      0.001249\n",
      "     0.563250      0.435480      0.001270\n",
      "     0.000045      0.541005      0.458950\n",
      "     0.000051      0.414451      0.585497\n",
      "     0.485928      0.038606      0.475467\n",
      "     0.576431      0.423105      0.000464\n",
      "     0.499797      0.498897      0.001306\n",
      "     0.000121      0.481891      0.517987\n",
      "     0.543234      0.452104      0.004662\n",
      "     0.436894      0.351129      0.211977\n",
      "     0.341098      0.147659      0.511242\n",
      "     0.000021      0.444828      0.555151\n",
      "     0.000090      0.451815      0.548095\n",
      "     0.000076      0.407446      0.592478\n",
      "     0.582844      0.263140      0.154016\n",
      "     0.003199      0.488216      0.508584\n",
      "     0.001161      0.596540      0.402299\n",
      "     0.000081      0.525196      0.474723\n",
      "     0.000090      0.588080      0.411830\n",
      "     0.000041      0.453090      0.546869\n",
      "     0.221349      0.225779      0.552872\n",
      "     0.000032      0.457594      0.542374\n",
      "     0.000069      0.534997      0.464934\n",
      "     0.000085      0.499057      0.500858\n",
      "     0.000024      0.409102      0.590874\n",
      "     0.105974      0.551681      0.342345\n",
      "     0.000130      0.444136      0.555734\n",
      "     0.000085      0.575300      0.424615\n",
      "     0.000061      0.407898      0.592040\n",
      "     0.000069      0.582455      0.417476\n",
      "     0.535732      0.463479      0.000789\n",
      "     0.000322      0.530730      0.468948\n",
      "     0.422050      0.428863      0.149087\n",
      "     0.000029      0.503968      0.496002\n",
      "     0.173224      0.583349      0.243427\n",
      "     0.410006      0.184009      0.405984\n",
      "     0.301111      0.405091      0.293798\n",
      "     0.000056      0.425451      0.574493\n",
      "     0.116212      0.440022      0.443766\n",
      "     0.492933      0.506761      0.000306\n",
      "     0.538098      0.097389      0.364513\n",
      "     0.000057      0.409163      0.590780\n",
      "     0.009646      0.393476      0.596877\n",
      "     0.000029      0.423419      0.576552\n",
      "     0.319458      0.445462      0.235080\n",
      "     0.000396      0.441570      0.558034\n",
      "     0.066146      0.380194      0.553660\n",
      "     0.563001      0.005577      0.431422\n",
      "     0.503439      0.496342      0.000219\n",
      "     0.000089      0.523708      0.476203\n",
      "     0.464802      0.013645      0.521554\n",
      "     0.434170      0.565136      0.000694\n",
      "     0.485942      0.095476      0.418582\n",
      "     0.543082      0.042785      0.414133\n",
      "     0.557810      0.441624      0.000567\n",
      "     0.406884      0.020634      0.572482\n",
      "     0.287465      0.132517      0.580018\n",
      "     0.483995      0.004648      0.511358\n",
      "     0.458035      0.200134      0.341831\n",
      "     0.537025      0.462581      0.000394\n",
      "     0.520078      0.020663      0.459259\n",
      "     0.430123      0.142626      0.427252\n",
      "     0.000058      0.421061      0.578880\n",
      "     0.421558      0.577369      0.001073\n",
      "     0.521105      0.366911      0.111984\n",
      "     0.000211      0.550197      0.449592\n",
      "     0.417645      0.580543      0.001812\n",
      "     0.424835      0.573264      0.001901\n",
      "     0.550082      0.448850      0.001068\n",
      "     0.000067      0.493778      0.506154\n",
      "     0.598069      0.006496      0.395436\n",
      "     0.416623      0.581881      0.001495\n",
      "     0.571575      0.316828      0.111597\n",
      "     0.424987      0.567147      0.007865\n",
      "     0.000058      0.512080      0.487862\n",
      "     0.477477      0.308629      0.213894\n",
      "     0.542683      0.454433      0.002884\n",
      "     0.000035      0.425310      0.574655\n",
      "     0.207134      0.450603      0.342263\n",
      "     0.561850      0.426469      0.011682\n",
      "     0.496106      0.294819      0.209075\n",
      "     0.234440      0.502340      0.263220\n",
      "     0.426474      0.337485      0.236041\n",
      "     0.008064      0.589192      0.402745\n",
      "     0.028381      0.377759      0.593860\n",
      "     0.413384      0.023214      0.563402\n",
      "     0.393806      0.009378      0.596816\n",
      "     0.000030      0.417791      0.582179\n",
      "     0.512081      0.001280      0.486639\n",
      "     0.335013      0.203701      0.461286\n",
      "     0.000232      0.533065      0.466702\n",
      "     0.149686      0.469090      0.381224\n",
      "     0.439935      0.002346      0.557719\n",
      "     0.000029      0.478963      0.521008\n",
      "     0.524565      0.015021      0.460413\n",
      "     0.293952      0.287236      0.418812\n",
      "     0.000083      0.595625      0.404293\n",
      "     0.000070      0.459616      0.540314\n",
      "     0.272929      0.133597      0.593473\n",
      "     0.480875      0.034072      0.485053\n",
      "     0.000654      0.415436      0.583910\n",
      "     0.000656      0.522933      0.476412\n",
      "     0.000341      0.440116      0.559543\n",
      "     0.559018      0.012643      0.428339\n",
      "     0.490688      0.390959      0.118353\n",
      "     0.325428      0.597898      0.076674\n",
      "     0.004456      0.505470      0.490073\n",
      "     0.003009      0.523471      0.473520\n",
      "     0.004901      0.547946      0.447153\n",
      "     0.002585      0.596865      0.400550\n",
      "     0.000454      0.541920      0.457626\n",
      "     0.000249      0.454474      0.545277\n",
      "     0.595614      0.022071      0.382315\n",
      "     0.000027      0.452813      0.547160\n",
      "     0.544846      0.270909      0.184245\n",
      "     0.071473      0.421051      0.507476\n",
      "     0.414669      0.583910      0.001422\n",
      "     0.000103      0.522340      0.477557\n",
      "     0.463830      0.239896      0.296274\n",
      "     0.002896      0.491805      0.505299\n",
      "     0.404698      0.569891      0.025412\n",
      "     0.417745      0.580671      0.001584\n",
      "     0.000125      0.461767      0.538108\n",
      "     0.000086      0.430664      0.569250\n",
      "     0.000032      0.509344      0.490624\n",
      "     0.541647      0.456260      0.002093\n",
      "     0.000099      0.591554      0.408347\n",
      "     0.419246      0.572452      0.008302\n",
      "     0.006858      0.550867      0.442275\n",
      "     0.500224      0.003869      0.495907\n",
      "     0.590466      0.003691      0.405844\n",
      "     0.402225      0.008372      0.589404\n",
      "     0.560595      0.007008      0.432397\n",
      "     0.536283      0.004908      0.458809\n",
      "     0.407844      0.008475      0.583681\n",
      "     0.001834      0.475763      0.522403\n",
      "     0.305539      0.107931      0.586530\n",
      "     0.000126      0.454948      0.544926\n",
      "     0.406585      0.529784      0.063631\n",
      "     0.050480      0.590775      0.358745\n",
      "     0.000259      0.407410      0.592331\n",
      "     0.000078      0.444175      0.555747\n",
      "     0.000073      0.545130      0.454797\n",
      "     0.004906      0.538170      0.456924\n",
      "     0.000257      0.434137      0.565605\n",
      "     0.000131      0.495215      0.504654\n",
      "     0.424766      0.574126      0.001108\n",
      "     0.554982      0.442526      0.002492\n",
      "     0.458051      0.540867      0.001082\n",
      "     0.000037      0.502327      0.497637\n",
      "     0.337690      0.110284      0.552026\n",
      "     0.000713      0.407948      0.591339\n",
      "     0.000089      0.580066      0.419844\n",
      "     0.000135      0.593971      0.405895\n",
      "     0.489996      0.508850      0.001155\n",
      "     0.000063      0.536220      0.463717\n",
      "     0.553175      0.001140      0.445685\n",
      "     0.402832      0.596719      0.000449\n",
      "     0.545344      0.001545      0.453112\n",
      "     0.448388      0.545524      0.006088\n",
      "     0.462979      0.536016      0.001005\n",
      "     0.000186      0.463095      0.536719\n",
      "     0.442570      0.553066      0.004364\n",
      "     0.000055      0.444474      0.555472\n",
      "     0.000144      0.473194      0.526662\n",
      "     0.000036      0.510848      0.489116\n",
      "     0.000060      0.503578      0.496362\n",
      "     0.422179      0.574913      0.002907\n",
      "     0.476298      0.519962      0.003739\n",
      "     0.323416      0.527615      0.148969\n",
      "     0.594151      0.403780      0.002069\n",
      "     0.000672      0.586356      0.412972\n",
      "     0.000310      0.450277      0.549413\n",
      "     0.596225      0.402262      0.001513\n",
      "     0.000685      0.555792      0.443523\n",
      "     0.000131      0.498034      0.501835\n",
      "     0.589404      0.404925      0.005671\n",
      "     0.000211      0.436997      0.562792\n",
      "     0.474895      0.520971      0.004134\n",
      "     0.488615      0.463814      0.047570\n",
      "     0.000076      0.573201      0.426723\n",
      "     0.591043      0.408590      0.000366\n",
      "     0.000099      0.577098      0.422804\n",
      "     0.000081      0.566699      0.433220\n",
      "     0.498034      0.501488      0.000477\n",
      "     0.000032      0.521037      0.478931\n",
      "     0.439318      0.372119      0.188562\n",
      "     0.436325      0.560266      0.003408\n",
      "     0.000075      0.477914      0.522011\n",
      "     0.544496      0.451760      0.003744\n",
      "     0.000081      0.532588      0.467331\n",
      "     0.000036      0.469025      0.530939\n",
      "     0.598744      0.025270      0.375986\n",
      "     0.002117      0.398356      0.599527\n",
      "     0.495804      0.376784      0.127412\n",
      "     0.000072      0.472438      0.527490\n",
      "     0.239274      0.307537      0.453190\n",
      "     0.000036      0.505398      0.494566\n",
      "     0.000329      0.447994      0.551677\n",
      "     0.580497      0.418163      0.001340\n",
      "     0.000076      0.593657      0.406267\n",
      "     0.059408      0.554051      0.386542\n",
      "     0.468541      0.014400      0.517059\n",
      "     0.000037      0.489478      0.510485\n",
      "     0.000141      0.587600      0.412259\n",
      "     0.593726      0.223138      0.183136\n",
      "     0.469675      0.525255      0.005070\n",
      "     0.426279      0.002252      0.571469\n",
      "     0.000051      0.552726      0.447223\n",
      "     0.000115      0.440151      0.559734\n",
      "     0.587965      0.405877      0.006158\n",
      "     0.000032      0.582532      0.417436\n",
      "     0.000270      0.411845      0.587885\n",
      "     0.571317      0.427641      0.001043\n",
      "     0.000026      0.550932      0.449042\n",
      "     0.000038      0.585186      0.414776\n",
      "     0.000041      0.402994      0.596965\n",
      "     0.000078      0.431205      0.568718\n",
      "     0.462295      0.536761      0.000944\n",
      "     0.410647      0.587821      0.001532\n",
      "     0.000032      0.545636      0.454332\n",
      "     0.506827      0.490432      0.002741\n",
      "     0.598996      0.400131      0.000873\n",
      "     0.000171      0.493914      0.505915\n",
      "     0.000045      0.528748      0.471207\n",
      "     0.510114      0.487336      0.002549\n",
      "     0.530673      0.288588      0.180739\n",
      "     0.000064      0.418083      0.581854\n",
      "     0.587751      0.408592      0.003658\n",
      "     0.388463      0.581414      0.030123\n",
      "     0.393323      0.597329      0.009348\n",
      "     0.060369      0.593613      0.346018\n",
      "     0.000031      0.575415      0.424554\n",
      "     0.000086      0.400797      0.599117\n",
      "     0.438082      0.005295      0.556623\n",
      "     0.000229      0.438841      0.560931\n",
      "     0.420113      0.579513      0.000373\n",
      "     0.000175      0.481565      0.518260\n",
      "     0.000055      0.438047      0.561897\n",
      "     0.487009      0.512137      0.000854\n",
      "     0.575267      0.423395      0.001338\n",
      "     0.530906      0.467747      0.001347\n",
      "     0.000072      0.587265      0.412662\n",
      "     0.000084      0.561593      0.438323\n",
      "     0.492781      0.500822      0.006397\n",
      "     0.000051      0.566847      0.433102\n",
      "     0.000032      0.550535      0.449433\n",
      "     0.000061      0.565757      0.434182\n",
      "     0.079079      0.542117      0.378804\n",
      "     0.000230      0.522022      0.477747\n",
      "     0.000641      0.425759      0.573600\n",
      "     0.586469      0.412689      0.000842\n",
      "     0.024851      0.482661      0.492487\n",
      "     0.481930      0.517425      0.000645\n",
      "     0.000027      0.594290      0.405682\n",
      "     0.001307      0.564273      0.434421\n",
      "     0.121187      0.287889      0.590923\n",
      "     0.541842      0.457924      0.000234\n",
      "     0.493104      0.006583      0.500313\n",
      "     0.031112      0.479472      0.489416\n",
      "     0.000069      0.423565      0.576365\n",
      "     0.000059      0.551747      0.448194\n",
      "     0.413612      0.585858      0.000530\n",
      "     0.507584      0.491563      0.000853\n",
      "     0.517375      0.479174      0.003451\n",
      "     0.001812      0.437539      0.560650\n",
      "     0.000036      0.436109      0.563855\n",
      "     0.408142      0.591177      0.000681\n",
      "     0.514255      0.483098      0.002647\n",
      "     0.488687      0.510375      0.000938\n",
      "     0.449260      0.519050      0.031691\n",
      "     0.000094      0.549374      0.450533\n",
      "     0.000115      0.415554      0.584331\n",
      "     0.443768      0.554609      0.001623\n",
      "     0.464419      0.535191      0.000391\n",
      "     0.561487      0.414221      0.024292\n",
      "     0.000122      0.501434      0.498444\n",
      "     0.000090      0.540338      0.459572\n",
      "     0.534710      0.459118      0.006172\n",
      "     0.000050      0.485595      0.514356\n",
      "     0.000118      0.557530      0.442352\n",
      "     0.015279      0.441212      0.543509\n",
      "     0.000115      0.549974      0.449911\n",
      "     0.000143      0.502418      0.497439\n",
      "     0.593033      0.002806      0.404161\n",
      "     0.047018      0.497585      0.455397\n",
      "     0.000101      0.595759      0.404139\n",
      "     0.000084      0.431534      0.568382\n",
      "     0.056696      0.568296      0.375008\n",
      "     0.000184      0.542728      0.457088\n",
      "     0.000047      0.416320      0.583632\n",
      "     0.495059      0.500677      0.004264\n",
      "     0.000229      0.480588      0.519184\n",
      "     0.543206      0.456244      0.000550\n",
      "     0.000057      0.567310      0.432632\n",
      "     0.008500      0.477992      0.513508\n",
      "     0.000110      0.557429      0.442461\n",
      "     0.000151      0.515922      0.483927\n",
      "     0.000080      0.524408      0.475511\n",
      "     0.490746      0.508226      0.001028\n",
      "     0.000054      0.422225      0.577721\n",
      "     0.076203      0.394007      0.529790\n",
      "     0.488647      0.509607      0.001746\n",
      "     0.000058      0.540614      0.459328\n",
      "     0.000055      0.434028      0.565917\n",
      "     0.418200      0.579014      0.002786\n",
      "     0.411513      0.578175      0.010313\n",
      "     0.346517      0.599823      0.053660\n",
      "     0.405525      0.591063      0.003412\n",
      "     0.000060      0.586916      0.413024\n",
      "     0.000060      0.535580      0.464360\n",
      "     0.000124      0.541246      0.458630\n",
      "     0.000075      0.527516      0.472408\n",
      "     0.396699      0.007570      0.595731\n",
      "     0.000030      0.559439      0.440531\n",
      "     0.456142      0.542861      0.000997\n",
      "     0.511373      0.486795      0.001832\n",
      "     0.520661      0.477805      0.001534\n",
      "     0.501012      0.498049      0.000939\n",
      "     0.522341      0.477080      0.000579\n",
      "     0.554722      0.444504      0.000775\n",
      "     0.135606      0.514896      0.349498\n",
      "     0.127374      0.576343      0.296283\n",
      "     0.000072      0.418283      0.581645\n",
      "     0.506525      0.492604      0.000871\n",
      "     0.000071      0.509909      0.490020\n",
      "     0.432575      0.525632      0.041794\n",
      "     0.000078      0.494245      0.505677\n",
      "     0.000035      0.406915      0.593050\n",
      "     0.428236      0.570682      0.001082\n",
      "     0.265525      0.187796      0.546680\n",
      "     0.002296      0.412834      0.584869\n",
      "     0.394655      0.011850      0.593495\n",
      "     0.463190      0.330647      0.206163\n",
      "     0.573778      0.425244      0.000978\n",
      "     0.477493      0.002792      0.519715\n",
      "     0.459752      0.002961      0.537288\n",
      "     0.000076      0.520256      0.479667\n",
      "     0.000046      0.577779      0.422175\n",
      "     0.587385      0.409102      0.003512\n",
      "     0.573527      0.424421      0.002052\n",
      "     0.000045      0.454103      0.545852\n",
      "     0.431335      0.002286      0.566378\n",
      "     0.000031      0.485873      0.514096\n",
      "     0.000168      0.476841      0.522991\n",
      "     0.370643      0.526401      0.102956\n",
      "     0.597262      0.397874      0.004864\n",
      "     0.000231      0.414604      0.585165\n",
      "     0.000175      0.420958      0.578866\n",
      "     0.000135      0.535738      0.464126\n",
      "     0.000115      0.411071      0.588814\n",
      "     0.568303      0.428481      0.003216\n",
      "     0.000110      0.549565      0.450325\n",
      "     0.018615      0.535002      0.446383\n",
      "     0.000061      0.584020      0.415919\n",
      "     0.423835      0.575419      0.000746\n",
      "     0.407684      0.591055      0.001261\n",
      "     0.498867      0.499510      0.001623\n",
      "     0.515288      0.477124      0.007589\n",
      "     0.000042      0.525078      0.474880\n",
      "     0.000052      0.529135      0.470812\n",
      "     0.461088      0.510408      0.028503\n",
      "     0.494129      0.502745      0.003125\n",
      "     0.000114      0.595147      0.404739\n",
      "     0.577191      0.422242      0.000566\n",
      "     0.000054      0.564148      0.435797\n",
      "     0.475230      0.510654      0.014116\n",
      "     0.536205      0.005358      0.458437\n",
      "     0.440188      0.558685      0.001127\n",
      "     0.000068      0.448661      0.551271\n",
      "     0.000107      0.565904      0.433989\n",
      "     0.000070      0.575267      0.424662\n",
      "     0.455467      0.528966      0.015566\n",
      "     0.413285      0.585965      0.000750\n",
      "     0.000089      0.427774      0.572136\n",
      "     0.000017      0.561441      0.438542\n",
      "     0.033567      0.515209      0.451224\n",
      "     0.261459      0.554157      0.184385\n",
      "     0.584985      0.353943      0.061072\n",
      "     0.000060      0.527090      0.472850\n",
      "     0.250333      0.181281      0.568386\n",
      "     0.482829      0.515631      0.001539\n",
      "     0.594796      0.006284      0.398920\n",
      "     0.000087      0.479589      0.520324\n",
      "     0.000573      0.572550      0.426876\n",
      "     0.081494      0.587532      0.330973\n",
      "     0.000568      0.439810      0.559623\n",
      "     0.519919      0.008046      0.472035\n",
      "     0.087310      0.419571      0.493119\n",
      "     0.000261      0.477872      0.521868\n",
      "     0.000089      0.439366      0.560545\n",
      "     0.165135      0.496840      0.338026\n",
      "     0.000331      0.582966      0.416703\n",
      "     0.588899      0.409168      0.001933\n",
      "     0.000031      0.526095      0.473874\n",
      "     0.000701      0.495322      0.503977\n",
      "     0.553737      0.440976      0.005287\n",
      "     0.007791      0.541317      0.450892\n",
      "     0.536429      0.462489      0.001082\n",
      "     0.490771      0.062704      0.446525\n",
      "     0.000173      0.556066      0.443761\n",
      "     0.001046      0.419134      0.579820\n",
      "     0.000175      0.400761      0.599064\n",
      "     0.556120      0.014283      0.429597\n",
      "     0.000061      0.540697      0.459242\n",
      "     0.000151      0.437442      0.562407\n",
